U.S. Military Casualties - Operation Enduring Freedom (OEF) Casualty

Summary by Month and Service*

(As of September 14, 2012)



                              Killed in Action/Died of Wounds               Accidents/Other Deaths                  Total Deaths                        Wounded In Action
        Month/Year           ARMY NAVY USMC USAF           TOTL      ARMY NAVY USMC USAF             TOTL   ARMY NAVY USMC USAF         TOTL    ARMY NAVY USMC USAF             TOTL
2001                            3       0      0       0        3       3        4       0      1       8       6    4      0       1      11      24      0      1         8      33
OCTOBER 2001                    0       0      0       0        0       2        0       0      1       3       2    0      0       1       3       0      0      0         0       0
NOVEMBER 2001                   0       0      0       0        0       1        3       0      0       4       1    3      0       0       4       4      0      0         2       6
DECEMBER 2001                   3       0      0       0        3       0        1       0      0       1       3    1      0       0       4      20      0      1         6      27
2002                           14       1      1       2        18     14        4       9      4      31      28    5     10       6      49      63      1      1         9      74
JANUARY 2002                    1       0      0       0        1       0        0       9      0       9       1    0      9       0      10       2      0      0         0       2
FEBRUARY 2002                   0       0      0       0        0      10        0       0      2      12      10    0      0       2      12       1      0      0         0       1
MARCH     2002                  5       1      0       2        8       0        1       0      0       1       5    2      0       2       9      35      0      0         9      44
APRIL    2002                   4       0      0       0        4       0        1       0      0       1       4    1      0       0       5       2      1      0         0       3
MAY      2002                   1       0      0       0        1       0        0       0      0       0       1    0      0       0       1       1      0      0         0       1
JUNE     2002                   0       0      0       0        0       1        0       0      2       3       1    0      0       2       3       0      0      0         0       0
JULY     2002                   0       0      0       0        0       0        0       0      0       0       0    0      0       0       0       6      0      0         0       6
AUGUST     2002                 1       0      0       0        1       0        0       0      0       0       1    0      0       0       1       1      0      0         0       1
SEPTEMBER 2002                  0       0      0       0        0       1        0       0      0       1       1    0      0       0       1       5      0      0         0       5
OCTOBER 2002                    1       0      1       0        2       1        2       0      0       3       2    2      1       0       5       2      0      1         0       3
NOVEMBER 2002                   0       0      0       0        0       1        0       0      0       1       1    0      0       0       1       3      0      0         0       3
DECEMBER 2002                   1       0      0       0        1       0        0       0      0       0       1    0      0       0       1       5      0      0         0       5
2003                            9       2      0       6        17     17        2       3      6      28      26    4      3      12      45      89      1      1         8      99
JANUARY 2003                    0       0      0       0        0       4        0       0      0       4       4    0      0       0       4       6      0      0         0       6
FEBRUARY 2003                   0       0      0       0        0       6        0       0      0       6       6    0      0       0       6       2      0      0         1       3
MARCH     2003                  1       0      0       1        2       1        1       1      6       9       2    1      1       7      11       2      0      0         1       3
APRIL    2003                   1       0      0       1        2       0        0       0      0       0       1    0      0       1       2       8      0      0         3      11
MAY      2003                   0       0      0       0        0       1        0       0      0       1       1    0      0       0       1       7      0      0         0       7
JUNE     2003                   0       1      0       0        1       1        0       1      0       2       1    1      1       0       3       0      1      0         0       1
JULY     2003                   0       0      0       0        0       1        0       1      0       2       1    0      1       0       2       7      0      0         1       8
AUGUST     2003                 3       1      0       0        4       0        0       0      0       0       3    1      0       0       4       9      0      0         0       9
SEPTEMBER 2003                  1       0      0       0        1       1        0       0      0       1       2    0      0       0       2      17      0      0         0      17
OCTOBER 2003                    1       0      0       0        1       1        1       0      0       2       2    1      0       0       3       2      0      0         0       2
NOVEMBER 2003                   2       0      0       4        6       0        0       0      0       0       2    0      0       4       6      19      0      0         2      21
DECEMBER 2003                   0       0      0       0        0       1        0       0      0       1       1    0      0       0       1      10      0      1         0      11
2004                           21       1      3       0        25     24        1       1      1      27      45    2      4       1      52     170      2     38         8     218
JANUARY 2004                    0       0      0       0        0       9        0       0      0       9       9    0      0       0       9      12      0      4         0      16
FEBRUARY 2004                   1       0      0       0        1       1        0       0      0       1       2    0      0       0       2      14      0      0         1      15
MARCH     2004                  2       0      0       0        2       1        0       0      0       1       3    0      0       0       3       6      0      0         3       9
APRIL    2004                   1       0      0       0        1       1        1       0      0       2       2    1      0       0       3       5      0      3         0       8
MAY      2004                   4       1      1       0        6       2        0       0      0       2       6    1      1       0       8      18      2      1         2      23
JUNE     2004                   1       0      2       0        3       1        0       1      0       2       2    0      3       0       5      19      0     10         0      29
JULY     2004                   0       0      0       0        0       2        0       0      0       2       2    0      0       0       2      20      0      2         2      24
AUGUST     2004                 2       0      0       0        2       1        0       0      0       1       3    0      0       0       3      17      0      2         0      19
SEPTEMBER 2004                  3       0      0       0        3       1        0       0      0       1       4    0      0       0       4      29      0      1         0      30
OCTOBER 2004                    4       0      0       0        4       0        0       0      1       1       4    0      0       1       5      14      0      9         0      23
NOVEMBER 2004                   3       0      0       0        3       4        0       0      0       4       7    0      0       0       7       9      0      2         0      11
DECEMBER 2004                   0       0      0       0        0       1        0       0      0       1       1    0      0       0       1       7      0      4         0      11
2005                           50      11      5       0        66     25        3       3      1      32      75   14      8       1      98     210      1     48         9     268
JANUARY 2005                    2       0      0       0        2       0        0       0      0       0       2    0      0       0       2       2      0      1         1       4
FEBRUARY 2005                   0       0      0       0        0       1        0       0      0       1       1    0      0       0       1       4      0      0         0       4
MARCH     2005                  5       0      0       0        5       0        1       0      0       1       5    1      0       0       6       9      0      1         0      10
APRIL    2005                   1       0      0       0        1      16        0       1      0      17      17    0      1       0      18      10      0      0         1      11
MAY      2005                   1       0      2       0        3       1        0       0      0       1       2    0      2       0       4      27      0      3         0      30
JUNE     2005                  14      11      0       0        25      0        0       1      1       2      14   11      1       1      27      29      0      0         3      32
JULY     2005                   2       0      0       0        2       0        0       0      0       0       2    0      0       0       2      26      0     10         0      36
AUGUST     2005                10       0      2       0        12      3        0       0      0       3      13    0      2       0      15      38      1     18         0      57
SEPTEMBER 2005                  8       0      1       0        9       1        0       1      0       2       9    0      2       0      11      32      0      4         0      36
OCTOBER 2005                    3       0      0       0        3       2        1       0      0       3       5    1      0       0       6      13      0      7         1      21
NOVEMBER 2005                   2       0      0       0        2       0        1       0      0       1       2    1      0       0       3       7      0      2         1      10
DECEMBER 2005                   2       0      0       0        2       1        0       0      0       1       3    0      0       0       3      13      0      2         2      17
2006                           62       1      1       1        65     21        0      10      2      33      83    1     11       3      98     371      4      4     22        401
JANUARY 2006                    0       0      1       0        1       0        0       0      0       0       0    0      1       0       1       5      1      1         1       8
FEBRUARY 2006                   5       1      0       0        6       0        0       9      2      11       5    1      9       2      17       7      0      0         0       7
MARCH     2006                  6       0      0       0        6       0        0       1      0       1       6    0      1       0       7      11      0      1         0      12
APRIL    2006                   1       0      0       0        1       0        0       0      0       0       1    0      0       0       1      11      0      0         1      12
MAY      2006                   1       0      0       0        1      10        0       0      0      10      11    0      0       0      11      24      2      1         1      28
JUNE     2006                  14       0      0       0        14      4        0       0      0       4      18    0      0       0      18      47      0      0         3      50
JULY     2006                   7       0      0       0        7       2        0       0      0       2       9    0      0       0       9      47      0      0         3      50
AUGUST     2006                 8       0      0       1        9       1        0       0      0       1       9    0      0       1      10      44      0      0         1      45
SEPTEMBER 2006                  5       0      0       0        5       1        0       0      0       1       6    0      0       0       6      64      0      0         2      66
OCTOBER 2006                    9       0      0       0        9       1        0       0      0       1      10    0      0       0      10      54      0      0         4      58
NOVEMBER 2006                   5       0      0       0        5       2        0       0      0       2       7    0      0       0       7      37      1      1         4      43
DECEMBER 2006                   1       0      0       0        1       0        0       0      0       0       1    0      0       0       1      20      0      0         2      22
2007                           78       2      2       1        83     28        1       2      3      34     106    3      4       4     117     695      7     28     20        750
JANUARY 2007                    0       0      0       0        0       0        0       0      0       0       0    0      0       0       0      21      0      0         0      21
FEBRUARY 2007                   2       0      0       0        2       9        1       1      1      12      11    1      1       1      14      13      0      0         2      15
MARCH     2007                  1       0      0       0        1       4        0       0      0       4       5    0      0       0       5      19      0      1         1      21
APRIL    2007                   5       0      0       0        5       3        0       0      0       3       8    0      0       0       8      52      0      0         1      53
MAY      2007                  10       0      0       0        10      1        0       0      0       1      11    0      0       0      11      73      0      1         3      77
JUNE     2007                  11       0      0       0        11      0        0       1      0       1      11    0      1       0      12      79      1      8         0      88
 JULY      2007                           12          0     0    1     13      1    0    0    0     1     13      0     0    1     14       80      1      4      1      86
 AUGUST       2007                        13          0     0    0     13      4    0    0    0     4     17      0     0    0     17       84      0      2      0      86
 SEPTEMBER 2007                            5          1     1    0      7      1    0    0    1     2      6      1     1    1      9       67      2     10      0      79
 OCTOBER 2007                              6          1     0    0      7      3    0    0    0     3      9      1     0    0     10      114      2      2      1     119
 NOVEMBER 2007                             9          0     1    0     10      1    0    0    0     1     10      0     1    0     11       56      0      0      9      65
 DECEMBER 2007                             4          0     0    0      4      1    0    0    1     2      5      0     0    1      6       37      1      0      2      40
 2008                                     97          9    23    2    131     18    1    3    2    24    115     10    26    4    155      563     29    191     12     795
 JANUARY 2008                              7          0     0    0      7      0    0    0    0     0      7      0     0    0      7       11      1      0      0      12
 FEBRUARY 2008                             1          0     0    0      1      0    0    0    0     0      1      0     0    0      1       12      0      5      0      17
 MARCH       2008                          5          0     0    1      6      1    0    1    0     2      6      0     1    1      8       42      3      2      0      47
 APRIL     2008                            2          0     2    1      5      0    0    0    0     0      2      0     2    1      5       28      1      3      1      33
 MAY       2008                           12          1     1    0     14      2    0    0    1     3     14      1     1    1     17       78      2     21      0     101
 JUNE      2008                           11          3     9    0     23      5    0    0    0     5     16      3     9    0     28       77      9     53      0     139
 JULY      2008                           15          0     1    0     16      3    0    1    0     4     18      0     2    0     20       84      3     34      0     121
 AUGUST       2008                        12          1     4    0     17      4    1    0    0     5     16      2     4    0     22       75      6     37      3     121
 SEPTEMBER 2008                           18          4     3    0     25      1    0    0    1     2     19      4     3    1     27       64      2     15      4      85
 OCTOBER 2008                             11          0     3    0     14      1    0    1    0     2     12      0     4    0     16       54      2     14      1      71
 NOVEMBER 2008                             1          0     0    0      1      0    0    0    0     0      1      0     0    0      1       22      0      1      2      25
 DECEMBER 2008                             2          0     0    0      2      1    0    0    0     1      3      0     0    0      3       16      0      6      1      23
 2009                                   195           6    62    8    271     23    4    9    4    40    218     10    71   12    311     1,517    46    545     36    2,144
 JANUARY 2009                              7          0     5    0     12      2    0    1    0     3      9      0     6    0     15       37      1     19      2      59
 FEBRUARY 2009                            12          0     2    1     15      0    0    0    0     0     12      0     2    1     15       24      0      2      1      27
 MARCH       2009                          5          2     3    1     11      1    0    1    0     2      6      2     4    1     13       42      2      6      0      50
 APRIL     2009                            1          0     1    1      3      2    0    0    1     3      3      0     1    2      6       41      0      5      0      46
 MAY       2009                            6          0     0    3      9      2    0    1    0     3      8      0     1    3     12      105      4     15      5     129
 JUNE      2009                           18          0     2    0     20      4    1    0    0     5     22      1     2    0     25      136      4     33      2     175
 JULY      2009                           23          1    15    0     39      2    2    0    2     6     25      3    15    2     45      217      8     98      5     328
 AUGUST       2009                        31          1    15    0     47      4    0    0    0     4     35      1    15    0     51      299      9    104      4     416
 SEPTEMBER 2009                           24          2     8    1     35      4    0    0    1     5     28      2     8    2     40      212      5     93      3     313
 OCTOBER 2009                             48          0     5    0     53      1    0    4    0     5     49      0     9    0     58      194      5     72      5     276
 NOVEMBER 2009                            13          0     4    0     17      0    1    0    0     1     13      1     4    0     18      132      3     48      4     187
 DECEMBER 2009                             7          0     2    1     10      1    0    2    0     3      8      0     4    1     13       78      5     50      5     138
 2010                                   264           8   154   11    437     39    6   12    5    62    303     14   166   16    499     2,925   110   2,112    99    5,246
 JANUARY 2010                             11          1    11    2     25      5    0    0    0     5     16      1    11    2     30      109      2     54      9     174
 FEBRUARY 2010                            13          0    16    0     29      2    0    0    0     2     15      0    16    0     31      111      7     98      2     218
 MARCH       2010                         13          1     8    0     22      1    1    2    0     4     14      2    10    0     26      137      8    176      4     325
 APRIL     2010                           10          0     4    0     14      4    0    0    2     6     14      0     4    2     20      139      4    146      5     294
 MAY       2010                           16          1    14    0     31      0    0    2    1     3     16      1    16    1     34      218     15    170      9     412
 JUNE      2010                           31          1    13    4     49      7    0    4    0    11     38      1    17    4     60      289     12    236      3     540
 JULY      2010                           43          2    12    1     58      4    0    3    0     7     47      2    15    1     65      372     15    218      5     610
 AUGUST       2010                        36          1    17    0     54      0    1    0    0     1     36      2    17    0     55      319      9    280     12     620
 SEPTEMBER 2010                           16          0    11    3     30      8    4    0    0    12     24      4    11    3     42      408     10    165     19     602
 OCTOBER 2010                             27          1    18    1     47      2    0    1    0     3     29      1    19    1     50      340     14    228      7     589
 NOVEMBER 2010                            35          0    12    0     47      4    0    0    2     6     39      0    12    2     53      287      9    204     12     512
 DECEMBER 2010                            13          0    18    0     31      2    0    0    0     2     15      0    18    0     33      196      5    137     12     350
 2011                                   246          28    71   14    359     40    4    8    3    55    286     32    79   17    414     3,695    95   1,297   111    5,198
 JANUARY 2011                             15          0     5    0     20      3    1    0    1     5     18      1     5    1     25      141     13    125     11     290
 FEBRUARY 2011                            11          0     5    0     16      4    0    0    0     4     15      0     5    0     20      129      5     84      1     219
 MARCH       2011                         19          0     4    0     23      6    1    0    1     8     25      1     4    1     31      179      5    134      8     326
 APRIL     2011                           26          1     8    8     43      2    0    1    0     3     28      1     9    8     46      244      3    110     12     369
 MAY       2011                           26          0     3    2     31      3    0    0    0     3     29      0     3    2     34      431     12    134     13     590
 JUNE      2011                           21          0    19    1     41      6    0    0    0     6     27      0    19    1     47      456     11    172      7     646
 JULY      2011                           26          1     5    0     32      1    1    3    0     5     27      2     8    0     37      497      8    102      8     615
 AUGUST       2011                        31         23     7    3     64      7    0    0    0     7     38     23     7    3     71      516     12    107     25     660
 SEPTEMBER 2011                           29          1     4    0     34      2    0    3    0     5     31      1     7    0     39      515     12     96     12     635
 OCTOBER 2011                             19          2     5    0     26      3    1    0    1     5     22      3     5    1     31      330      5     77      5     417
 NOVEMBER 2011                            12          0     4    0     16      0    0    1    0     1     12      0     5    0     17      159      5     98      7     269
 DECEMBER 2011                            11          0     2    0     13      3    0    0    0     3     14      0     2    0     16       98      4     58      2     162
 2012                                   136          10    38    5    189     41    9   13    5    68    177     19    51   10    257     1,937    40    354     48    2,379
 JANUARY 2012                              7          1     3    3     14      3    0    9    0    12     10      1    12    3     26       58      3     56      0     117
 FEBRUARY 2012                             3          0     2    1      6      5    2    0    4    11      8      2     2    5     17       63      2     34      8     107
 MARCH       2012                          8          0     3    0     11      6    0    1    1     8     14      0     4    1     19       99      7     55      2     163
 APRIL     2012                           19          1     6    0     26      7    1    1    0     9     26      2     7    0     35      195      4     32      8     239
 MAY       2012                           27          2     5    0     34      4    2    1    0     7     31      4     6    0     41      336      5     51      8     400
 JUNE      2012                           18          0     5    0     23      4    1    1    0     6     22      1     6    0     29      417     10     50      2     479
 JULY      2012                           30          1     4    0     35      5    2    0    0     7     35      3     4    0     42      341      4     25      4     374
 AUGUST       2012                        21          5     9    1     36      4    1    0    0     5     25      6     9    1     41      339      1     36     13     389
 SEPTEMBER 2012                            3          0     1    0      4      3    0    0    0     3      6      0     1    0      7       89      4     15      3     111
 TOTALS                               1,175          79   360   50   1,664   293   39   73   37   442   1,468   118   433   87   2,106   12,259   336   4,620   390   17,605


<br/>USMC=Marine Corps, USAF=Air Force, TOTL=Total
